4.428880679332602995e+03 0
4.428939987304064744e+03 7.121723610907793045e-03
4.428999295275527402e+03 7.707864046096801758e-03
4.429058603246990060e+03 2.028277205924193180e-02
4.429117911218451809e+03 2.592883942027886593e-02
4.429177219189914467e+03 5.017790198326110840e-02
4.429236527161377126e+03 1.477958808342615671e-01
4.429295835132839784e+03 4.324737886587778912e-01
4.429355143104301533e+03 7.883052428563436242e-01
4.429414451075764191e+03 7.396123607953389856e-01
4.429473759047225940e+03 7.254344622294107703e-01
4.429533067018688598e+03 7.642640670140584680e-01
4.429592374990150347e+03 7.616535623868306848e-01
4.429651682961613005e+03 7.348989049593607215e-01
4.429710990933075664e+03 7.339138388633728027e-01
4.429770298904538322e+03 7.391516764958699914e-01
4.429829606876000980e+03 7.557490666707357141e-01
4.429888914847462729e+03 7.843052546183267859e-01
4.429948222818925387e+03 7.106703718503316614e-01
4.430007530790387136e+03 6.330262223879495886e-01
4.430066838761849795e+03 6.565393606821695593e-01
4.430126146733311543e+03 7.063707709312438965e-01
4.430185454704774202e+03 7.694419622421264648e-01
4.430244762676235950e+03 7.422565420468648645e-01
4.430304070647699518e+03 7.266030112902323035e-01
4.430363378619161267e+03 7.446255087852478027e-01
4.430422686590623925e+03 7.170674204826354980e-01
4.430481994562086584e+03 7.397546966870626184e-01
4.430541302533548333e+03 7.297191222508748742e-01
4.430600610505010991e+03 7.420693238576253625e-01
4.430659918476472740e+03 7.446254491806030273e-01
4.430719226447935398e+03 7.203689217567443848e-01
4.430778534419398056e+03 7.328595916430155066e-01
4.430837842390860715e+03 7.402266263961791992e-01
4.430897150362322463e+03 7.028576731681823730e-01
4.430956458333785122e+03 6.546704173088073730e-01
4.431015766305246871e+03 2.785973846912384033e-01
4.431075074276709529e+03 7.745130981008212234e-02
4.431134382248172187e+03 3.346629192431768013e-02
4.431193690219633936e+03 2.876966322461764133e-02
4.431252998191096594e+03 2.172097377479076385e-02
4.431312306162559253e+03 0
#4.431312306162559253e+03 5.176030099391937256e-03
#4.431371614134021911e+03 0